0.027453
0.031748
0.03119
0.027439
0.022193
0.016874
0.012401
0.0090987
0.0069633
0.0058499
0.0055139
0.0057103
0.0062742
0.0070605
0.0079468
0.0089
0.0099096
0.010965
0.012056
0.013172
0.014313
0.015476
0.016662
0.017868
0.019094
0.02034
0.021603
0.022884
0.024181
0.025494
0.02682
0.028157
0.029504
0.030858
0.032217
0.03358
0.034944
0.036307
0.037667
0.039022
0.04037
0.041711
0.043042
0.044361
0.045668
0.04696
0.048236
0.049495
0.050734
0.051953
0.05315
0.054324
0.055474
0.056598
0.057697
0.058767
0.05981
0.060822
0.061804
0.062755
0.063673
0.064558
0.065409
0.066227
0.06701
0.067759
0.068471
0.069148
0.069788
0.070391
0.070957
0.071486
0.071977
0.07243
0.072845
0.073223
0.073562
0.073863
0.074126
0.074351
0.074537
0.074685
0.074796
0.07487
0.074908
0.074909
0.074874
0.074803
0.074697
0.074557
0.074382
0.074174
0.073933
0.073661
0.073358
0.073024
0.072662
0.072271
0.071852
0.071406
0.070934
0.070436
0.069914
0.069368
0.0688
0.068209
0.067596
0.066963
0.06631
0.065638
0.064948
0.064241
0.063518
0.06278
0.062028
0.061262
0.060485
0.059696
0.058897
0.058089
0.057273
0.05645
0.05562
0.054785
0.053946
0.053104
0.052259
0.051413
0.050567
0.049721
0.048877
0.048035
0.047195
0.046359
0.045526
0.044698
0.043876
0.043059
0.042249
0.041447
0.040652
0.039866
0.039089
0.038322
0.037565
0.03682
0.036086
0.035365
0.034658
0.033963
0.033283
0.032617
0.031966
0.031328
0.030706
0.030097
0.029504
0.028926
0.028362
0.027814
0.027282
0.026764
0.026263
0.025777
0.025307
0.024853
0.024416
0.023994
0.023589
0.023201
0.02283
0.022475
0.022138
0.021817
0.021514
0.021228
0.020958
0.020704
0.020467
0.020244
0.020036
0.019843
0.019665
0.019499
0.019348
0.019209
0.019083
0.018969
0.018867
0.018776
0.018696
0.018627
0.018568
0.018519
0.018479
0.018448
0.018426
0.018412
0.018406
0.018408
0.018417
0.018432
0.018454
0.018483
0.018517
0.018557
0.018603
0.018653
0.018709
0.018769
0.018833
0.018901
0.018973
0.019048
0.019126
0.019206
0.01929
0.019375
0.019462
0.019551
0.019641
0.019732
0.019824
0.019916
0.020008
0.0201
0.020192
0.020283
0.020372
0.02046
0.020547
0.020632
0.020714
0.020794
0.020871
0.020944
0.021015
0.021081
0.021144
0.021202
0.021255
0.021304
0.021348
0.021385
0.021418
0.021444
0.021463
0.021476
0.021482
0.021481
0.021472
0.021457
0.021435
0.021406
0.021371
0.02133
0.021282
0.021228
0.021169
0.021104
0.021034
0.020958
0.020878
0.020792
0.020701
0.020606
0.020507
0.020403
0.020295
0.020183
0.020067
0.019948
0.019825
0.019699
0.01957
0.019438
0.019303
0.019166
0.019026
0.018883
0.018739
0.018593
0.018445
0.018295
0.018144
0.017991
0.017838
0.017683
0.017528
0.017372
0.017215
0.017059
0.016902
0.016745
0.016589
0.016433
0.016277
0.016122
0.015968
0.015815
0.015663
0.015512
0.015363
0.015215
0.015067
0.014922
0.014778
0.014635
0.014493
0.014353
0.014215
0.014079
0.013944
0.013811
0.013679
0.01355
0.013422
0.013296
0.013173
0.013051
0.012931
0.012814
0.012699
0.012586
0.012475
0.012367
0.01226
0.012157
0.012056
0.011957
0.011861
0.011768
0.011677
0.011589
0.011504
0.011422
0.011342
0.011266
0.011192
0.011122
0.011054
0.01099
0.010929
0.010871
0.010816
0.010765
0.010717
0.010673
0.010631
0.010594
0.01056
0.010529
0.010501
0.010477
0.010455
0.010437
0.010421
0.010407
0.010397
0.010388
0.010382
0.010379
0.010377
0.010377
0.010379
0.010383
0.010389
0.010396
0.010405
0.010414
0.010426
0.010438
0.010451
0.010465
0.01048
0.010496
0.010512
0.010528
0.010545
0.010562
0.01058
0.010597
0.010614
0.010631
0.010648
0.010664
0.010679
0.010694
0.010709
0.010722
0.010735
0.010746
0.010756
0.010765
0.010772
0.010778
0.010782
0.010785
0.010785
0.010784
0.010781
0.010776
0.010769
0.01076
0.010749
0.010737
0.010722
0.010706
0.010689
0.01067
0.010649
0.010627
0.010603
0.010577
0.01055
0.010522
0.010492
0.010461
0.010429
0.010395
0.01036
0.010324
0.010286
0.010247
0.010208
0.010167
0.010125
0.010082
0.010038
0.0099925
0.0099465
0.0098996
0.0098518
0.0098032
0.0097538
0.0097035
0.0096526
0.0096009
0.0095485
0.0094955
0.0094418
0.0093876
0.0093329
0.0092776
0.0092218
0.0091656
0.0091089
0.0090519
0.0089945
0.0089368
0.0088788
0.0088206
0.0087622
0.0087035
0.0086448
0.0085859
0.008527
0.0084681
0.0084091
0.0083502
0.0082914
0.0082327
0.0081741
0.0081158
0.0080576
0.0079997
0.0079421
0.0078849
0.007828
0.0077715
0.0077155
0.00766
0.0076049
0.0075504
0.0074965
0.0074433
0.0073906
0.0073387
0.0072875
0.0072371
0.0071875
0.0071388
0.0070909
0.0070439
0.0069979
0.0069528
0.0069088
0.0068659
0.006824
0.0067833
0.0067437
0.0067054
0.0066683
0.0066325
0.0065979
0.0065648
0.006533
0.0065026
0.0064737
0.0064463
0.0064204
0.0063958
0.0063726
0.0063508
0.0063303
0.006311
0.006293
0.0062761
0.0062603
0.0062457
0.0062321
0.0062196
0.006208
0.0061974
0.0061876
0.0061788
0.0061707
0.0061634
0.0061569
0.0061511
0.0061459
0.0061414
0.0061375
0.0061341
0.0061312
0.0061288
0.0061268
0.0061252
0.0061239
0.0061229
0.0061222
0.0061218
0.0061215
0.0061214
0.0061214
0.0061215
0.0061216
0.0061216
0.0061217
0.0061216
0.0061215
0.0061211
0.0061206
0.0061198
0.0061187
0.0061173
0.0061155
0.0061133
0.0061107
0.0061076
0.006104
0.0061
0.0060955
0.0060904
0.006085
0.006079
0.0060726
0.0060657
0.0060584
0.0060506
0.0060423
0.0060336
0.0060244
0.0060148
0.0060047
0.0059942
0.0059832
0.0059718
0.0059599
0.0059476
0.0059349
0.0059217
0.0059081
0.0058941
0.0058796
0.0058647
0.0058494
0.0058337
0.0058175
0.005801
0.005784
0.0057666
0.0057488
0.0057306
0.0057119
0.0056929
0.0056735
0.0056537
0.0056334
0.0056128
0.0055918
0.0055704
0.0055486
0.0055264
0.0055039
0.0054809
0.0054576
0.0054339
0.0054098
0.0053854
0.0053606
0.0053355
0.00531
0.0052843
0.0052583
0.005232
0.0052055
0.0051788
0.0051519
0.0051248
0.0050975
0.0050702
0.0050427
0.0050151
0.0049874
0.0049597
0.0049319
0.0049042
0.0048764
0.0048486
0.0048209
0.0047933
0.0047657
0.0047382
0.0047109
0.0046837
0.0046566
0.0046298
0.0046031
0.0045766
0.0045504
0.0045245
0.0044988
0.0044734
0.0044484
0.0044237
0.0043993
0.0043753
0.0043518
0.0043286
0.0043059
0.0042836
0.0042618
0.0042405
0.0042197
0.0041995
0.0041798
0.0041607
0.0041422
0.0041242
0.0041069
0.0040902
0.0040741
0.0040585
0.0040435
0.004029
0.004015
0.0040015
0.0039885
0.0039761
0.003964
0.0039525
0.0039414
0.0039307
0.0039204
0.0039106
0.0039011
0.003892
0.0038833
0.0038749
0.0038669
0.0038592
0.0038518
0.0038447
0.0038378
0.0038313
0.003825
0.003819
0.0038132
0.0038076
0.0038023
0.0037971
0.0037921
0.0037873
0.0037826
0.0037781
0.0037737
0.0037694
0.0037652
0.0037611
0.0037571
0.0037532
0.0037493
0.0037454
0.0037416
0.0037377
0.0037339
0.0037301
0.0037262
0.0037223
0.0037183
0.0037143
0.0037102
0.0037061
0.0037019
0.0036977
0.0036933
0.0036889
0.0036845
0.0036799
0.0036753
0.0036705
0.0036657
0.0036608
0.0036558
0.0036507
0.0036454
0.0036401
0.0036346
0.003629
0.0036233
0.0036174
0.0036115
0.0036053
0.0035991
0.0035927
0.0035861
0.0035794
0.0035726
0.0035655
0.0035583
0.003551
0.0035435
0.0035357
0.0035279
0.0035198
0.0035115
0.003503
0.0034944
0.0034855
0.0034765
0.0034672
0.0034577
0.003448
0.0034381
0.0034279
0.0034176
0.0034069
0.0033961
0.003385
0.0033737
0.0033621
0.0033504
0.0033384
0.0033263
0.0033139
0.0033014
0.0032888
0.0032759
0.0032629
0.0032498
0.0032366
0.0032232
0.0032098
0.0031962
0.0031825
0.0031688
0.003155
0.0031411
0.0031272
0.0031133
0.0030993
0.0030853
0.0030713
0.0030572
0.0030432
0.0030292
0.0030152
0.0030013
0.0029874
0.0029735
0.0029597
0.002946
0.0029324
0.0029189
0.0029054
0.0028921
0.0028789
0.0028658
0.0028529
0.0028401
0.0028274
0.002815
0.0028027
0.0027906
0.0027787
0.002767
0.0027555
0.0027442
0.0027332
0.0027224
0.0027119
0.0027015
0.0026914
0.0026815
0.0026718
0.0026623
0.002653
0.0026439
0.0026351
0.0026264
0.0026179
0.0026096
0.0026015
0.0025935
0.0025858
0.0025782
0.0025708
0.0025636
0.0025565
0.0025496
0.0025428
0.0025362
0.0025298
0.0025235
0.0025173
0.0025113
0.0025054
0.0024997
0.002494
0.0024885
0.0024832
0.0024779
0.0024728
0.0024678
0.0024628
0.002458
0.0024533
0.0024487
0.0024442
0.0024398
0.0024354
0.0024312
0.002427
0.0024229
0.0024189
0.002415
0.0024111
0.0024073
0.0024035
0.0023998
0.0023962
0.0023926
0.002389
0.0023855
0.002382
0.0023786
0.0023752
0.0023718
0.0023684
0.0023651
0.0023618
0.0023585
0.0023551
0.0023518
0.0023485
0.0023452
0.0023419
0.0023386
0.0023353
0.0023319
0.0023286
0.0023252
0.0023217
0.0023183
0.0023148
0.0023112
0.0023076
0.002304
0.0023003
0.0022966
0.0022928
0.0022889
0.002285
0.002281
0.002277
0.0022728
0.0022686
0.0022643
0.0022599
0.0022554
0.0022508
0.0022461
0.0022413
0.0022364
0.0022314
0.0022263
0.002221
0.0022157
0.0022102
0.0022046
0.0021989
0.002193
0.0021871
0.002181
0.0021749
0.0021686
0.0021623
0.0021558
0.0021493
0.0021427
0.002136
0.0021293
0.0021224
0.0021155
0.0021086
0.0021016
0.0020945
0.0020874
0.0020803
0.0020731
0.0020658
0.0020586
0.0020513
0.002044
0.0020366
0.0020293
0.0020219
0.0020145
0.0020071
0.0019997
0.0019924
0.001985
0.0019776
0.0019703
0.0019629
0.0019556
0.0019484
0.0019411
0.0019339
0.0019267
0.0019196
0.0019125
0.0019055
0.0018985
0.0018916
0.0018848
0.001878
0.0018713
0.0018646
0.0018581
0.0018516
0.0018452
0.0018389
0.0018326
0.0018264
0.0018203
0.0018143
0.0018083
0.0018024
0.0017966
0.0017908
0.0017851
0.0017795
0.001774
0.0017685
0.0017631
0.0017578
0.0017526
0.0017474
0.0017422
0.0017372
0.0017322
0.0017273
0.0017225
0.0017177
0.001713
0.0017083
0.0017037
0.0016992
0.0016948
0.0016904
0.0016861
0.0016818
0.0016776
0.0016735
0.0016694
0.0016654
0.0016615
0.0016576
0.0016538
0.00165
0.0016464
0.0016427
0.0016392
0.0016356
0.0016322
0.0016288
0.0016255
0.0016222
0.001619
0.0016158
0.0016127
0.0016097
0.0016067
0.0016037
0.0016008
0.0015979
0.0015951
0.0015923
0.0015895
0.0015868
0.0015841
0.0015814
0.0015787
0.0015761
0.0015735
0.0015709
0.0015683
0.0015658
0.0015632
0.0015607
0.0015582
0.0015556
0.0015531
0.0015506
0.0015481
0.0015455
0.001543
0.0015405
0.0015379
0.0015354
0.0015328
0.0015302
0.0015276
0.0015249
0.0015223
0.0015196
0.0015169
0.0015141
0.0015113
0.0015085
0.0015057
0.0015028
0.0014999
0.0014969
0.0014939
0.0014908
0.0014877
0.0014845
0.0014813
0.001478
0.0014747
0.0014713
0.0014679
0.0014644
0.0014609
0.0014574
0.0014538
0.0014501
0.0014465
0.0014428
0.001439
0.0014353
0.0014315
0.0014276
0.0014238
0.0014199
0.001416
0.001412
0.0014081
0.0014041
0.0014001
0.0013961
0.001392
0.001388
0.0013839
0.0013798
0.0013757
0.0013716
0.0013675
0.0013634
0.0013592
0.0013551
0.001351
0.0013468
0.0013427
0.0013385
0.0013344
0.0013303
0.0013261
0.001322
0.0013179
0.0013138
0.0013097
0.0013056
0.0013015
0.0012975
0.0012934
0.0012894
0.0012854
0.0012814
0.0012775
0.0012735
0.0012696
0.0012657
0.0012618
0.0012579
0.0012541
0.0012503
0.0012465
0.0012427
0.0012389
0.0012352
0.0012315
0.0012278
0.0012242
0.0012206
0.001217
0.0012134
0.0012098
0.0012063
0.0012028
0.0011993
0.0011959
0.0011925
0.0011891
0.0011858
0.0011825
0.0011792
0.0011759
0.0011727
0.0011695
0.0011663
0.0011632
0.0011601
0.0011571
0.001154
0.001151
0.0011481
0.0011452
0.0011423
0.0011394
0.0011366
0.0011338
0.0011311
0.0011284
0.0011258
0.0011231
0.0011206
0.001118
0.0011155
0.001113
0.0011106
0.0011082
0.0011058
0.0011035
0.0011012
0.0010989
0.0010967
0.0010944
0.0010922
0.0010901
0.0010879
0.0010858
0.0010837
0.0010816
0.0010795
0.0010775
0.0010754
0.0010734
0.0010714
0.0010694
0.0010674
0.0010654
0.0010635
0.0010615
0.0010596
0.0010576
0.0010557
0.0010537
0.0010518
0.0010499
0.0010479
0.001046
0.0010441
0.0010421
0.0010402
0.0010382
0.0010362
0.0010343
0.0010323
0.0010303
0.0010283
0.0010263
0.0010243
0.0010222
0.0010202
0.0010181
0.001016
0.0010139
0.0010117
0.0010096
0.0010074
0.0010052
0.001003
0.0010008
0.00099856
0.0009963
0.00099404
0.00099176
0.00098946
0.00098716
0.00098484
0.0009825
0.00098016
0.0009778
0.00097543
0.00097305
0.00097066
0.00096826
0.00096584
0.00096342
0.00096099
0.00095855
0.00095611
0.00095365
0.00095119
0.00094872
0.00094625
0.00094376
0.00094128
0.00093878
0.00093628
0.00093378
0.00093128
0.00092877
0.00092625
0.00092374
0.00092122
0.0009187
0.00091617
0.00091365
0.00091113
0.0009086
0.00090608
0.00090355
0.00090103
0.00089851
0.00089599
0.00089347
0.00089095
0.00088844
0.00088593
0.00088342
0.00088092
0.00087842
0.00087593
0.00087344
0.00087096
0.00086848
0.00086601
0.00086355
0.00086109
0.00085864
0.0008562
0.00085377
0.00085134
0.00084892
0.00084652
0.00084412
0.00084173
0.00083935
0.00083699
0.00083463
0.00083229
0.00082995
0.00082763
0.00082532
0.00082303
0.00082075
0.00081848
0.00081623
0.00081399
0.00081176
0.00080955
0.00080736
0.00080518
0.00080302
0.00080087
0.00079875
0.00079663
0.00079454
0.00079247
0.00079041
0.00078837
0.00078636
0.00078436
0.00078238
0.00078042
0.00077848
0.00077657
0.00077467
0.00077279
0.00077092
0.00076908
0.00076725
0.00076544
0.00076364
0.00076187
0.0007601
0.00075835
0.00075662
0.0007549
0.00075319
0.0007515
0.00074982
0.00074815
0.0007465
0.00074485
0.00074322
0.00074159
0.00073998
0.00073837
0.00073678
0.00073519
0.00073361
0.00073204
0.00073048
0.00072892
0.00072737
0.00072583
0.00072429
0.00072275
0.00072122
0.0007197
0.00071817
0.00071666
0.00071514
0.00071363
0.00071211
0.0007106
0.00070909
0.00070758
0.00070607
0.00070456
0.00070305
0.00070154
0.00070002
0.0006985
0.00069699
0.00069546
0.00069394
0.00069241
0.00069088
0.00068935
0.00068782
0.00068628
0.00068475
0.0006832
0.00068166
0.00068012
0.00067857
0.00067702
0.00067546
0.00067391
0.00067235
0.00067079
0.00066922
0.00066766
0.00066609
0.00066452
0.00066294
0.00066137
0.00065979
0.0006582
0.00065662
0.00065503
0.00065344
0.00065185
0.00065025
0.00064865
0.00064705
0.00064545
0.00064384
0.00064223
0.00064062
0.000639
0.00063739
0.00063576
0.00063414
0.00063251
0.00063088
0.00062925
0.00062762
0.00062598
0.00062434
0.00062269
0.00062104
0.00061939
0.00061774
0.00061608
0.00061443
0.00061277
0.00061111
0.00060944
0.00060778
0.00060612
0.00060445
0.00060279
0.00060112
0.00059946
0.00059779
0.00059613
0.00059447
0.00059281
0.00059115
0.00058949
0.00058784
0.00058619
0.00058454
0.0005829
0.00058125
0.00057962
0.00057798
0.00057635
0.00057473
0.00057311
0.00057149
0.00056988
0.00056828
0.00056668
0.00056509
0.00056351
0.00056193
0.00056036
0.0005588
0.00055724
0.00055569
0.00055415
0.00055262
0.0005511
0.00054959
0.00054809
0.00054659
0.00054511
0.00054364
0.00054217
0.00054072
0.00053928
0.00053785
0.00053643
0.00053502
0.00053363
0.00053224
0.00053086
0.00052949
0.00052813
0.00052678
0.00052544
0.0005241
0.00052278
0.00052146
0.00052015
0.00051885
0.00051756
0.00051627
0.000515
0.00051372
0.00051246
0.0005112
0.00050995
0.0005087
0.00050746
0.00050623
0.000505
0.00050377
0.00050255
0.00050134
0.00050012
0.00049892
0.00049772
0.00049652
0.00049532
0.00049413
0.00049294
0.00049176
0.00049057
0.00048939
0.00048821
0.00048704
0.00048586
0.00048469
0.00048352
0.00048235
0.00048118
0.00048001
0.00047884
0.00047767
