# fnum                   stop angle               spillover 90 GHz         spillover 150 GHz         edge taper 90 GHz        edge taper 150 GHz
2.835640909808854637e+00 1.000000000000000000e+01 8.227992518825685275e-01 6.175704045192583758e-01 -7.593052493838968742e-01 -1.698096005096774608e+00
2.572277007985155350e+00 1.100000000000000000e+01 7.933556356998302528e-01 5.637474468307984710e-01 -9.194033484975154824e-01 -2.062954047216032372e+00
2.352315054739227307e+00 1.200000000000000000e+01 7.627288348191506584e-01 5.107156681649025476e-01 -1.095032974654390090e+00 -2.466218308660113490e+00
2.165737937142077740e+00 1.300000000000000000e+01 7.311882859812843805e-01 4.592532323089824620e-01 -1.286283242017235429e+00 -2.909109500106555224e+00
2.005390466767922319e+00 1.400000000000000000e+01 6.989996400844160629e-01 4.100318334250749319e-01 -1.493256141250413949e+00 -3.393073059947737224e+00
1.866025403784438819e+00 1.500000000000000000e+01 6.664210725099576349e-01 3.636057855197938893e-01 -1.716068049300242704e+00 -3.919825420340077748e+00
1.743707221920454353e+00 1.600000000000000000e+01 6.336999333418471547e-01 3.204063183501084655e-01 -1.954851459214462128e+00 -4.491413992805921573e+00
1.635426309242070220e+00 1.700000000000000000e+01 6.010697927667300045e-01 2.807408653202402293e-01 -2.209756956657319638e+00 -5.110295949797555970e+00
1.538841768587627001e+00 1.800000000000000000e+01 5.687479233097459952e-01 2.447969084563638986e-01 -2.480955472182290844e+00 -5.779443268940844369e+00
1.452105438837911544e+00 1.900000000000000000e+01 5.369332465287716127e-01 2.126497685365301704e-01 -2.768640839841464363e+00 -6.502485282726417459e+00
1.373738709727311269e+00 2.000000000000000000e+01 5.058047578612121509e-01 1.842736013063595579e-01 -3.073032692441341585e+00 -7.283906120568717668e+00
1.302544532346900930e+00 2.100000000000000000e+01 4.755204299557806435e-01 1.595547859772736554e-01 -3.394379720186168736e+00 -8.129324769715816856e+00
1.237543426708147987e+00 2.200000000000000000e+01 4.462165824363337197e-01 1.383068687883134140e-01 -3.732963310059937978e+00 -9.045903568739028344e+00
1.177926182911876563e+00 2.300000000000000000e+01 4.180076949769417349e-01 1.202862480360159941e-01 -4.089101563905003900e+00 -1.004296405140837045e+01
1.123018386952108205e+00 2.400000000000000000e+01 3.909866310815161006e-01 1.052078508288022407e-01 -4.463153656822299808e+00 -1.113295298470945305e+01
1.072253460254779300e+00 2.500000000000000000e+01 3.652252322407665286e-01 9.276014732875575985e-02 -4.855524432737099438e+00 -1.233303315613267159e+01
