#Freq (GHz)   Transmission (%)    Reflection (%)
220.5,     99.72729,      0.197536
221.1,     99.750623,      0.419075
221.7,     99.500259,      0.717665
222.3,     99.107236,      1.030717
222.9,     98.811859,      1.524757
223.5,     98.06244,      1.960181
224.1,     97.455813,      2.565832
224.7,     96.855151,      2.882824
225.3,     96.724559,      3.22634
225.9,     96.206429,      4.109186
226.5,     95.361561,      4.706054
227.1,     94.687463,      5.498633
227.7,     94.232122,      5.788952
228.3,     93.823309,      6.615583
228.9,     93.286718,      6.821347
229.5,     92.698203,      7.668409
230.1,     92.326981,      8.097996
230.7,     91.876843,      8.124181
231.3,     92.022905,      8.873887
231.9,     90.955595,      8.613824
232.5,     91.12244,      9.080136
233.1,     91.199353,      9.300094
233.7,     90.849233,      9.431788
234.3,     90.459303,      9.061287
234.9,     90.607131,      9.104324
235.5,     90.806695,      9.239046
236.1,     90.983835,      8.812071
236.7,     91.442024,      8.934026
237.3,     91.147756,      8.413768
237.9,     92.281218,      8.379496
238.5,     91.898663,      7.561681
239.1,     92.787887,      7.593638
239.7,     92.976476,      6.994322
240.3,     93.458473,      6.650054
240.9,     94.072701,      6.140569
241.5,     94.209219,      5.537109
242.1,     94.936137,      5.02995
242.7,     95.477552,      4.422688
243.3,     95.855134,      4.130263
243.9,     96.552213,      3.474762
244.5,     96.901588,      2.938632
245.1,     97.695048,      2.216214
245.7,     98.137681,      2.031159
246.3,     97.451212,      1.52614
246.9,     98.913563,      1.207973
247.5,     98.995009,      0.852978
248.1,     99.454593,      0.526996
248.7,     99.14663,      0.328205
249.3,     99.448205,      0.151162
249.9,     100.026095,      0.052754
250.5,     99.933136,      0.016821
251.1,     99.82584,      0.043786
251.7,     99.607004,      0.134308
252.3,     99.621999,      0.290536
252.9,     99.461478,      0.746829
253.5,     99.011918,      1.13493
254.1,     98.420247,      1.266419
254.7,     98.338139,      1.709935
255.3,     98.060133,      1.793203
255.9,     97.657245,      2.171047
256.5,     97.231783,      2.636964
257.1,     96.610875,      3.03893
257.7,     96.471574,      3.586096
258.3,     95.6182,      4.007792
258.9,     95.226911,      4.485162
259.5,     94.892817,      4.805192
260.1,     94.338126,      5.198244
260.7,     94.131793,      5.755953
261.3,     93.720921,      5.826425
261.9,     93.403589,      6.414967
262.5,     93.030787,      6.627053
263.1,     93.037343,      6.608709
263.7,     92.626152,      7.172317
264.3,     92.730675,      6.989027
264.9,     92.657106,      7.144971
265.5,     92.609071,      7.359648
266.1,     92.308015,      6.989571
266.7,     92.513369,      7.288027
267.3,     92.595228,      6.803114
267.9,     92.735402,      6.822191
268.5,     93.151988,      6.895766
269.1,     93.405391,      6.300406
269.7,     93.468906,      6.339501
270.3,     93.996067,      5.846528
270.9,     93.937126,      5.406793
271.5,     95.000518,      5.359573
272.1,     95.170189,      4.923383
272.7,     95.065575,      4.331855
273.3,     95.71646,      4.311615
273.9,     96.079585,      3.263256
274.5,     96.684544,      3.266786
275.1,     97.478944,      3.128807
275.7,     98.209407,      2.374876
276.3,     98.226639,      2.077046
276.9,     97.758019,      1.509422
277.5,     98.946743,      1.389422
278.1,     98.405955,      0.946363
278.7,     99.16317,      0.710866
279.3,     99.945996,      0.581203
279.9,     99.63886,      0.349611
280.5,     100.232714,      0.215277
281.1,     99.505933,      0.122993
281.7,     100.346847,      0.090322
282.3,     99.668223,      0.117512
282.9,     100.123194,      0.1612
283.5,     99.196754,      0.254642
284.1,     98.911416,      0.418327
284.7,     99.797243,      0.581025
285.3,     98.956135,      0.832052
285.9,     98.043661,      0.885093
286.5,     98.505039,      1.366486
287.1,     97.887155,      1.675445
287.7,     97.616267,      1.871373
288.3,     97.163191,      2.21784
288.9,     96.743833,      2.647089
289.5,     96.436991,      3.060636
291.3,     96.517041,      3.106234
291.9,     95.926353,      3.088297
292.5,     94.69717,      4.64713
293.1,     94.381872,      4.921166
293.7,     94.318555,      5.054601
294.3,     94.173501,      5.450748
294.9,     94.349122,      5.498291
295.5,     93.904803,      5.62301
296.1,     93.920624,      5.641423
296.7,     93.908494,      5.995529
297.3,     93.332602,      5.902867
297.9,     93.125907,      5.92042
298.5,     93.689644,      5.869578
299.1,     93.174244,      5.916657
299.7,     93.813649,      5.770242
300.3,     94.006733,      5.772938
300.9,     93.342494,      5.633041
301.5,     94.532327,      5.464362
302.1,     94.231867,      5.325687
302.7,     95.045053,      5.105078
303.3,     94.973074,      5.335096
303.9,     95.33427,      4.971574
304.5,     96.035015,      4.919413
305.1,     95.608387,      4.942947
305.7,     94.656614,      4.725012
306.3,     95.661318,      4.796277
306.9,     97.163845,      5.024242
307.5,     97.102683,      4.754961
308.1,     97.11566,      4.590667
308.7,     97.269819,      4.363516
309.3,     98.148353,      3.990538
309.9,     98.579269,      3.786649
310.5,     98.818142,      3.566868
311.1,     98.744259,      3.409159
311.7,     98.88563,      3.457974
312.3,     98.670006,      3.219081
312.9,     98.805794,      3.248448
313.5,     99.658827,      3.149188
314.1,     99.169405,      3.271125
314.7,     99.10075,      3.026523
315.3,     99.069102,      2.74483
315.9,     97.79641,      2.64571
316.5,     99.569551,      2.724662
317.1,     97.748412,      2.47003
321.9,     96.349906,      2.409229
322.5,     98.200129,      2.318436
323.1,     97.932116,      2.387067
323.7,     96.533071,      2.470137
324.3,     99.307842,      2.231159
324.9,     96.489954,      2.657608
325.5,     96.36697,      2.758368
326.1,     96.941074,      2.709994
326.7,     98.839814,      2.853713
327.3,     96.898353,      2.85873
327.9,     96.67883,      2.821479
328.5,     97.649919,      2.798653
329.1,     96.740995,      2.622127
329.7,     98.286648,      2.642712
