0.000000000000000000e+00 1.000000000000000000e+00
7.882352941176470340e-01 9.907019057351666991e-01
1.576470588235294068e+00 9.790708853714744642e-01
2.364705882352941213e+00 9.580397030373987155e-01
3.152941176470588136e+00 9.383046992516217433e-01
3.941176470588235503e+00 9.087747420316952818e-01
4.729411764705882426e+00 8.787484792726143468e-01
5.517647058823529349e+00 8.395170191367941070e-01
6.305882352941176272e+00 7.980273562111915853e-01
7.094117647058824083e+00 7.602821476642706022e-01
7.882352941176471006e+00 7.122801557462038469e-01
8.670588235294118817e+00 6.707823207062835191e-01
9.458823529411764852e+00 6.245949676563246067e-01
1.024705882352941266e+01 5.720833249842475210e-01
1.103529411764705870e+01 5.282894206152408678e-01
1.182352941176470651e+01 4.772868899992289138e-01
1.261176470588235254e+01 4.364886545838349008e-01
1.340000000000000036e+01 3.951029345303487816e-01
1.418823529411764817e+01 3.535573655023105388e-01
1.497647058823529420e+01 3.156373455524368876e-01
1.576470588235294201e+01 2.769814355298986785e-01
1.655294117647058982e+01 2.427730981640915386e-01
1.734117647058823763e+01 2.116480090181396545e-01
1.812941176470588189e+01 1.851618712496534980e-01
1.891764705882352970e+01 1.595850266517941374e-01
1.970588235294117752e+01 1.360897919375963494e-01
2.049411764705882533e+01 1.145265742443215967e-01
2.128235294117646959e+01 9.650937641295435909e-02
2.207058823529411740e+01 8.164783655414009633e-02
2.285882352941176521e+01 6.831046455122731509e-02
2.364705882352941302e+01 5.720172948791244633e-02
2.443529411764706083e+01 4.665546017640195831e-02
2.522352941176470509e+01 3.792292772762618364e-02
2.601176470588235290e+01 3.182271988562475340e-02
2.680000000000000071e+01 2.607198661366415954e-02
2.758823529411764852e+01 2.219297860309393799e-02
2.837647058823529633e+01 1.789790178439864404e-02
2.916470588235294059e+01 1.544183735973902322e-02
2.995294117647058840e+01 1.301765729426510206e-02
3.074117647058823621e+01 1.152790085828286210e-02
3.152941176470588402e+01 1.003568152658209332e-02
3.231764705882352473e+01 8.905582204523202622e-03
3.310588235294117965e+01 8.898275833108513361e-03
3.389411764705882746e+01 7.867268685033519671e-03
3.468235294117647527e+01 7.799650439274462277e-03
