0.000000000000000000e+00 1.000000000000000000e+00
7.882352941176470340e-01 9.763882710524467434e-01
1.576470588235294068e+00 9.473585020858380501e-01
2.364705882352941213e+00 8.959133067235623971e-01
3.152941176470588136e+00 8.492701597051671714e-01
3.941176470588235503e+00 7.817487641556591926e-01
4.729411764705882426e+00 7.161836662740683757e-01
5.517647058823529349e+00 6.351206080049370817e-01
6.305882352941176272e+00 5.550668018146011073e-01
7.094117647058824083e+00 4.874736107145759556e-01
7.882352941176471006e+00 4.081065364580303001e-01
8.670588235294118817e+00 3.459515238647529745e-01
9.458823529411764852e+00 2.830312429162430976e-01
1.024705882352941266e+01 2.200436235127152806e-01
1.103529411764705870e+01 1.741102043510903974e-01
1.182352941176470651e+01 1.282444544109009599e-01
1.261176470588235254e+01 9.721836794786485603e-02
1.340000000000000036e+01 7.063274019828137684e-02
1.418823529411764817e+01 4.930519389769039834e-02
1.497647058823529420e+01 3.322856426743679703e-02
1.576470588235294201e+01 2.142247182902431990e-02
1.655294117647058982e+01 1.347839367052562978e-02
1.734117647058823763e+01 8.813898138385770423e-03
1.812941176470588189e+01 6.452748254256773959e-03
1.891764705882352970e+01 4.989154725975597331e-03
1.970588235294117752e+01 4.942353598191800805e-03
2.049411764705882533e+01 5.120311857396262281e-03
2.128235294117646959e+01 5.609781591720200064e-03
2.207058823529411740e+01 6.063633008533829589e-03
2.285882352941176521e+01 6.477802103024934456e-03
2.364705882352941302e+01 6.762802509088344446e-03
2.443529411764706083e+01 6.604064714487368343e-03
2.522352941176470509e+01 6.301050834476984788e-03
2.601176470588235290e+01 5.936145779042702186e-03
2.680000000000000071e+01 5.435241911498987777e-03
2.758823529411764852e+01 4.868504696250653546e-03
2.837647058823529633e+01 4.230363900351686440e-03
2.916470588235294059e+01 3.597079064450832246e-03
2.995294117647058840e+01 3.135682682394712664e-03
3.074117647058823621e+01 2.585501958481254900e-03
3.152941176470588402e+01 2.118630205993051862e-03
3.231764705882352473e+01 1.842226698466944415e-03
3.310588235294117965e+01 1.613664963710824581e-03
3.389411764705882746e+01 1.366332992151951357e-03
3.468235294117647527e+01 1.205699001544516214e-03
