0.000000000000000000e+00 1.000000000000000000e+00
7.204301075268816357e-01 9.763882710524467434e-01
1.440860215053763271e+00 9.473585020858380501e-01
2.161290322580645018e+00 8.959133067235623971e-01
2.881720430107526543e+00 8.492701597051671714e-01
3.602150537634408511e+00 7.817487641556591926e-01
4.322580645161290036e+00 7.161836662740683757e-01
5.043010752688171117e+00 6.351206080049370817e-01
5.763440860215053085e+00 5.550668018146011073e-01
6.483870967741935054e+00 4.874736107145759556e-01
7.204301075268817023e+00 4.081065364580303001e-01
7.924731182795698992e+00 3.459515238647529745e-01
8.645161290322580072e+00 2.830312429162430976e-01
9.365591397849462041e+00 2.200436235127152806e-01
1.008602150537634223e+01 1.741102043510903974e-01
1.080645161290322420e+01 1.282444544109009599e-01
1.152688172043010617e+01 9.721836794786485603e-02
1.224731182795698814e+01 7.063274019828137684e-02
1.296774193548387011e+01 4.930519389769039834e-02
1.368817204301075208e+01 3.322856426743679703e-02
1.440860215053763405e+01 2.142247182902431990e-02
1.512903225806451601e+01 1.347839367052562978e-02
1.584946236559139798e+01 8.813898138385770423e-03
1.656989247311827640e+01 6.452748254256773959e-03
1.729032258064516014e+01 4.989154725975597331e-03
1.801075268817204034e+01 4.942353598191800805e-03
1.873118279569892408e+01 5.120311857396262281e-03
1.945161290322580427e+01 5.609781591720200064e-03
2.017204301075268447e+01 6.063633008533829589e-03
2.089247311827956821e+01 6.477802103024934456e-03
2.161290322580644840e+01 6.762802509088344446e-03
2.233333333333333215e+01 6.604064714487368343e-03
2.305376344086021234e+01 6.301050834476984788e-03
2.377419354838709609e+01 5.936145779042702186e-03
2.449462365591397628e+01 5.435241911498987777e-03
2.521505376344086002e+01 4.868504696250653546e-03
2.593548387096774022e+01 4.230363900351686440e-03
2.665591397849462396e+01 3.597079064450832246e-03
2.737634408602150415e+01 3.135682682394712664e-03
2.809677419354838790e+01 2.585501958481254900e-03
2.881720430107526809e+01 2.118630205993051862e-03
2.953763440860214828e+01 1.842226698466944415e-03
3.025806451612903203e+01 1.613664963710824581e-03
3.097849462365591577e+01 1.366332992151951357e-03
3.169892473118279597e+01 1.205699001544516214e-03
