0.000000000000000000e+00 1.000000000000000000e+00
7.204301075268816357e-01 9.907019057351666991e-01
1.440860215053763271e+00 9.790708853714744642e-01
2.161290322580645018e+00 9.580397030373987155e-01
2.881720430107526543e+00 9.383046992516217433e-01
3.602150537634408511e+00 9.087747420316952818e-01
4.322580645161290036e+00 8.787484792726143468e-01
5.043010752688171117e+00 8.395170191367941070e-01
5.763440860215053085e+00 7.980273562111915853e-01
6.483870967741935054e+00 7.602821476642706022e-01
7.204301075268817023e+00 7.122801557462038469e-01
7.924731182795698992e+00 6.707823207062835191e-01
8.645161290322580072e+00 6.245949676563246067e-01
9.365591397849462041e+00 5.720833249842475210e-01
1.008602150537634223e+01 5.282894206152408678e-01
1.080645161290322420e+01 4.772868899992289138e-01
1.152688172043010617e+01 4.364886545838349008e-01
1.224731182795698814e+01 3.951029345303487816e-01
1.296774193548387011e+01 3.535573655023105388e-01
1.368817204301075208e+01 3.156373455524368876e-01
1.440860215053763405e+01 2.769814355298986785e-01
1.512903225806451601e+01 2.427730981640915386e-01
1.584946236559139798e+01 2.116480090181396545e-01
1.656989247311827640e+01 1.851618712496534980e-01
1.729032258064516014e+01 1.595850266517941374e-01
1.801075268817204034e+01 1.360897919375963494e-01
1.873118279569892408e+01 1.145265742443215967e-01
1.945161290322580427e+01 9.650937641295435909e-02
2.017204301075268447e+01 8.164783655414009633e-02
2.089247311827956821e+01 6.831046455122731509e-02
2.161290322580644840e+01 5.720172948791244633e-02
2.233333333333333215e+01 4.665546017640195831e-02
2.305376344086021234e+01 3.792292772762618364e-02
2.377419354838709609e+01 3.182271988562475340e-02
2.449462365591397628e+01 2.607198661366415954e-02
2.521505376344086002e+01 2.219297860309393799e-02
2.593548387096774022e+01 1.789790178439864404e-02
2.665591397849462396e+01 1.544183735973902322e-02
2.737634408602150415e+01 1.301765729426510206e-02
2.809677419354838790e+01 1.152790085828286210e-02
2.881720430107526809e+01 1.003568152658209332e-02
2.953763440860214828e+01 8.905582204523202622e-03
3.025806451612903203e+01 8.898275833108513361e-03
3.097849462365591577e+01 7.867268685033519671e-03
3.169892473118279597e+01 7.799650439274462277e-03
